{
    "Jun": 36.7534003570637,
    "May": 41.63519581436715,
    "Apr": 25.532589103308716
}
